19 16 8 1
16 19
0.0663298 -0.365618 -0.467428 0.634082 0.0905733 0.514817 -0.055566 0.244113 -1.4636 -0.329704 -0.0422368 0.0351541 -0.309517 -1.5655 1.64997 -1.49098 2.14439 0.524068 -0.0019556 
-0.30436 0.567311 -0.011185 -0.191886 0.164304 0.322314 -0.1777 -0.51144 -0.878243 -1.70066 -0.0718017 0.156115 -0.337151 -0.565141 0.899575 -0.679607 1.21342 0.51625 -0.188238 
-0.340997 0.0774489 -0.587995 0.378979 0.321624 0.261629 -0.678354 -0.533368 0.751689 -0.548725 0.477457 -0.0642181 -1.02633 0.716534 -1.14272 -0.424804 -0.745331 0.485156 0.158937 
0.683867 -0.478231 -0.770099 0.179262 -0.302511 1.06797 -1.05244 -1.59613 -0.0660793 1.04178 -0.209304 0.0972084 0.806629 -0.263339 0.383042 0.164559 1.30128 -0.493788 0.992411 
-0.710845 -0.145669 -0.605938 1.12734 1.00436 0.218052 -0.170931 0.00510848 -0.222263 0.297367 0.0294579 4.02453 0.16634 -0.367388 0.742193 0.364288 -0.245118 -0.318999 0.243537 
0.0327478 -0.144651 -0.992327 0.495889 0.0847132 1.32167 -1.43358 -1.36834 -0.719804 1.52026 0.96435 -0.21375 -0.471131 -0.701337 0.265256 -1.23684 1.43523 0.618422 0.319236 
-0.820708 0.0677959 0.196769 0.690948 0.281099 1.48323 -0.0464049 0.0451676 0.704011 0.329927 -0.337469 -0.278021 -0.410971 0.188592 -0.879097 0.0407216 -1.28107 0.916574 -0.33635 
0.272731 -0.0660605 -0.981455 0.184816 0.177313 0.906186 -2.36543 -2.41286 0.221251 0.885036 0.0804545 0.0247548 -0.529739 -0.130124 -0.0649288 0.271288 0.64564 0.427207 0.39287 
-0.120528 -0.535831 -0.33054 0.314573 0.267951 0.529766 -0.00769338 -0.184405 -0.400437 1.43351 0.173446 0.426286 0.331523 -0.742535 0.71578 -0.719096 0.845424 0.453954 0.407742 
0.574013 0.274785 -0.360072 0.0202369 -0.0541937 0.867511 -0.793273 -0.345109 0.0338647 -1.71308 0.15162 -0.118372 0.338446 -0.413061 0.531861 0.720905 0.618667 -0.436607 -0.192115 
0.114057 0.157591 0.132671 0.101392 0.425208 0.45087 -0.439934 -0.0199633 -0.205287 0.950108 0.485977 -0.173384 -0.0278881 -0.446779 0.276166 -1.00084 0.688624 0.365131 0.366415 
-0.292771 -0.175216 0.109665 0.0456795 0.118516 -0.849415 0.451883 -0.0124082 0.414516 0.474292 0.0781931 -0.0794408 -0.608767 0.958258 -1.02772 0.711649 -1.45656 -0.658582 -0.310313 
-0.819766 -0.439627 -0.762511 0.997966 0.680715 0.393828 -0.118852 -0.188277 0.873175 0.0521591 0.0704655 -3.29118 -0.246704 -0.171686 -0.97115 -0.380217 0.036593 0.679284 -0.083284 
0.969772 -0.642458 -0.324431 -0.0138273 -0.0363274 0.35044 -0.738668 -0.827092 -0.661047 -1.04269 -0.256838 0.070221 -1.89721 -0.266491 -0.110573 -0.213244 -0.433161 -0.290282 -0.0899685 
0.0617879 0.0636923 -0.298174 0.415019 0.214852 0.646546 -0.85277 -0.918805 -0.60339 0.268803 0.12035 0.620259 -0.550971 -0.165482 0.566593 -1.08914 1.18175 0.255051 0.742505 
-0.153514 0.246838 -0.34007 -0.35085 0.200004 0.533579 -0.180179 -0.0672788 0.0510969 -0.84515 -0.127584 0.49104 1.35606 0.044489 0.490396 -0.221106 0.509207 -0.0949729 0.328218 
16
-1.71389 -2.24896 -0.562505 -3.89746 -0.575944 -4.10313 0.580014 -5.54838 -2.65888 -2.00762 -2.18758 1.66794 0.241964 -1.82367 -2.86276 -1.51333 
8 16
0.506619 0.150002 -1.58457 0.136566 0.0240227 1.11034 -0.945734 0.76822 0.288645 -0.195318 0.703844 -0.871291 -1.564 0.37093 0.661758 -0.608898 
-0.242452 -0.0595715 -0.271474 -0.754836 0.559413 0.195079 -0.108497 -0.191723 -0.29455 0.440561 -0.182469 0.84062 0.505374 -0.703853 1.09661 -0.243069 
-0.124474 -0.0707613 -0.106976 -0.143733 0.824704 0.0791798 -0.168025 -0.116021 -0.368453 0.071889 0.0204367 -0.20742 -0.226355 -0.209339 0.832122 -0.180452 
0.583205 0.129612 -2.06561 1.13292 -0.980252 0.828143 -0.92167 0.290163 0.218644 0.790104 0.345619 -0.63242 -0.826604 0.285362 0.363988 -0.16293 
0.211889 0.51992 0.242531 0.794621 -0.346987 0.192448 0.0389187 0.184924 0.448684 0.618118 -0.272079 -0.472811 -0.374383 0.0642527 0.686851 0.716575 
0.0837307 -0.142681 -0.0876529 0.0612631 -0.314367 -0.29977 -0.288579 0.182283 -0.31209 -0.208769 -0.25599 0.0254291 -0.27216 -0.17179 -0.0620021 -0.28459 
-0.339614 -0.279517 -0.19631 -0.533466 0.519424 -0.143642 -0.3096 -0.240456 -0.0246858 -0.150037 -0.426962 -0.345109 -0.0850283 -0.351203 0.18722 -0.908979 
0.76004 0.422927 -0.233091 -0.368463 -0.513632 0.437998 -0.807739 1.48789 0.414354 0.423476 0.263563 -0.375328 -0.697325 0.576695 0.00808766 0.601542 
8
-1.53227 -0.91846 -1.2907 -1.54997 2.31004 -0.0907007 1.03786 0.612997 
1 8
1.28994 -0.502538 -0.691789 1.06749 1.11097 0.447513 0.940689 1.07222 
1
3.78269 
